1000
79 836
150 607
181 731
71 756
97 395
156 630
77 477
150 606
85 895
181 730
102 205
321 643
219 439
35 71
9 19
1 1000
247 495
247 554
82 865
82 864
82 866
82 947
120 486
120 485
120 487
120 519
144 289
257 515
257 528
38 332
38 331
38 333
38 351
89 362
89 361
89 363
89 491
65 846
65 845
65 847
65 912
60 246
60 245
60 247
60 357
306 613
306 956
201 403
201 435
26 536
26 535
26 537
26 591
22 204
22 203
22 205
22 241
131 530
131 529
131 531
131 732
226 453
226 489
367 735
367 844
181 363
181 503
470 941
470 964
199 802
199 801
199 803
199 973
116 233
116 294
383 767
383 884
185 746
185 745
185 747
185 827
277 555
277 683
129 789
129 788
129 790
129 967
25 228
25 227
25 229
25 284
28 847
28 846
28 848
28 929
78 652
78 651
78 653
78 670
94 189
94 342
63 258
63 257
63 259
63 377
62 959
62 958
62 960
62 998
373 747
373 843
330 661
330 899
321 643
321 833
290 581
290 685
31 438
31 437
31 439
31 477
43 808
43 807
43 809
43 896
140 281
140 558
305 611
305 683
135 546
135 545
135 547
135 742
31 711
31 710
31 712
31 770
21 780
21 779
21 781
21 846
37 75
37 144
45 186
45 185
45 187
45 208
177 355
177 425
83 338
83 337
83 339
83 454
6 261
6 260
6 262
6 274
104 639
104 638
104 640
104 725
136 831
136 830
136 832
136 997
327 655
327 692
36 150
36 149
36 151
36 196
22 204
22 203
22 205
22 258
96 193
96 252
344 689
344 838
314 629
314 914
86 716
86 715
86 717
86 814
147 594
147 593
147 595
147 599
37 75
37 92
44 279
44 278
44 280
44 290
164 329
164 351
74 954
74 953
74 955
74 989
7 385
7 384
7 386
7 422
354 709
354 758
342 685
342 972
149 602
149 601
149 603
149 638
54 847
54 846
54 848
54 941
10 451
10 450
10 452
10 479
83 875
83 874
83 876
83 937
257 515
257 806
56 230
56 229
56 231
56 347
72 294
72 293
72 295
72 369
24 852
24 851
24 853
24 927
174 349
174 652
50 428
50 427
50 429
50 508
80 161
80 191
462 925
462 944
323 647
323 743
363 727
363 748
280 561
280 586
286 573
286 890
103 852
103 851
103 853
103 951
239 479
239 932
413 827
413 995
268 537
268 994
79 489
79 488
79 490
79 597
9 69
9 68
9 70
9 75
178 718
178 717
178 719
178 917
66 133
66 224
271 543
271 640
184 369
184 625
160 646
160 645
160 647
160 750
31 711
31 710
31 712
31 763
163 658
163 657
163 659
163 760
188 758
188 757
188 759
188 986
250 501
250 587
313 627
313 911
178 357
178 469
25 876
25 875
25 877
25 929
363 727
363 729
348 697
348 781
129 522
129 521
129 523
129 552
221 890
221 889
221 891
221 915
13 272
13 274
13 320
206 487
158 364
36 909
36 911
36 941
394 958
90 944
90 946
90 972
29 769
29 771
29 786
252 511
139 365
130 794
130 796
130 956
57 218
63 531
63 533
63 577
43 581
43 583
43 678
369 891
187 447
293 906
15 104
15 106
15 131
38 521
38 523
38 557
106 650
106 652
106 851
218 862
217 477
408 970
10 185
10 187
10 222
131 433
173 624
9 369
9 371
9 409
226 909
226 911
226 933
41 664
41 666
41 772
28 117
28 119
28 124
69 734
69 736
69 872
75 965
75 967
75 988
7 329
7 331
7 379
238 825
361 992
394 849
270 542
164 661
164 663
164 729
56 604
56 606
56 734
300 898
4 428
4 430
4 448
390 794
204 821
204 823
204 985
41 145
166 669
166 671
166 759
281 655
266 725
41 169
41 171
41 191
361 958
240 965
240 967
240 983
2 559
2 561
2 581
60 123
44 278
44 280
44 295
45 185
45 187
45 278
280 700
63 531
63 533
63 627
199 801
199 803
199 951
238 608
32 829
32 831
32 916
174 520
290 741
17 391
17 393
17 457
108 437
108 439
108 485
217 873
217 875
217 957
140 565
140 567
140 793
52 564
52 566
52 571
267 804
46 189
46 191
46 222
22 714
22 716
22 744
98 368
65 547
65 549
65 651
26 709
26 711
26 778
447 959
147 896
147 898
147 981
268 995
156 629
156 631
156 868
31 615
31 617
31 659
255 662
24 426
24 428
24 466
245 958
212 623
45 284
45 286
45 295
21 609
21 611
21 692
81 177
94 381
94 383
94 387
173 660
218 896
52 901
209 680
377 979
149 690
124 838
342 834
333 685
171 479
239 815
138 367
243 648
18 256
190 928
232 906
275 558
286 924
339 790
26 308
191 527
221 762
113 696
29 771
54 388
207 626
37 692
30 270
40 369
307 916
310 966
57 715
202 848
429 877
192 809
169 519
40 731
64 474
53 694
341 687
127 529
198 753
357 957
226 480
333 680
60 137
377 896
172 494
117 314
36 330
87 662
213 572
249 833
153 509
25 739
170 348
358 739
36 148
28 955
130 379
88 906
57 745
124 917
136 314
296 792
26 57
306 713
37 997
149 882
398 827
88 798
259 900
215 952
469 996
285 907
1 536
317 726
280 762
434 872
49 437
120 258
89 852
386 822
39 226
230 648
26 190
83 634
140 706
89 832
436 887
41 785
110 727
252 863
260 588
1 401
148 694
151 423
355 933
112 812
218 708
1 487
325 974
74 938
69 245
25 124
10 874
41 589
116 258
241 908
82 843
127 631
384 986
150 607
32 716
333 951
376 895
85 962
58 681
172 694
294 989
82 933
339 838
47 432
218 917
85 704
125 525
258 890
353 985
248 662
139 814
100 384
231 631
78 409
178 784
166 497
415 942
151 847
18 485
221 980
5 671
331 805
350 918
39 857
170 944
75 463
197 523
247 815
449 934
47 802
279 664
378 863
288 641
210 585
235 613
276 678
35 480
190 869
406 974
11 836
397 904
246 568
100 782
76 612
3 374
488 986
162 431
201 881
131 643
181 951
51 668
298 606
98 879
50 113
158 741
162 404
270 993
138 295
28 184
59 297
132 836
23 70
191 611
330 757
294 738
477 971
13 327
10 725
417 928
49 150
19 368
217 870
44 796
140 347
262 899
85 205
28 1000
238 617
186 468
55 747
64 213
36 376
8 935
17 696
215 565
23 86
110 558
32 906
110 1000
271 588
269 639
73 993
197 704
26 85
3 181
108 926
88 754
137 500
190 905
389 881
226 978
273 631
306 832
33 872
191 702
412 902
161 762
30 80
107 516
259 880
192 439
3 377
112 429
366 814
229 956
260 685
214 521
48 700
308 648
239 633
150 687
219 519
148 950
62 612
34 771
120 905
223 454
38 801
20 253
16 585
330 712
166 741
117 658
124 670
43 755
324 757
44 95
102 819
66 209
28 919
83 972
428 925
136 959
249 903
26 576
354 768
38 474
340 777
119 893
81 698
111 780
122 953
84 244
93 721
93 540
144 609
139 382
271 747
300 739
162 359
356 929
8 125
175 958
234 547
184 936
254 831
153 736
402 859
175 531
181 617
271 961
85 345
60 247
185 923
172 663
43 196
80 253
188 994
17 457
19 798
45 161
70 503
356 947
177 882
208 823
85 816
277 595
256 537
34 405
208 566
107 455
29 591
167 465
29 998
305 811
123 803
175 879
308 985
257 524
313 733
203 435
31 750
131 550
77 388
132 877
177 991
119 746
114 773
38 420
92 768
298 679
121 600
64 579
402 907
229 591
112 386
456 914
232 875
394 999
305 630
54 422
81 314
23 66
176 587
18 947
164 776
238 531
46 570
155 599
65 979
463 941
115 399
148 326
96 238
51 647
8 638
264 964
259 651
135 494
81 912
271 561
274 656
25 271
98 837
149 475
114 284
36 474
259 844
126 790
7 798
362 862
198 496
364 776
135 627
248 621
84 594
280 712
181 662
66 496
174 626
231 739
216 884
48 387
264 927
440 927
268 601
252 982
101 773
319 961
95 689
23 118
224 816
250 877
3 919
20 534
207 689
209 818
324 846
9 451
36 384
115 793
255 887
138 879
148 652
157 884
18 301
314 631
213 484
126 730
273 675
168 547
224 983
118 367
88 306
124 605
285 596
217 882
182 926
124 398
308 889
125 793
105 458
145 671
159 695
280 690
236 768
35 560
414 859
234 683
148 477
250 537
196 483
132 372
142 716
73 586
201 424
184 669
122 663
70 599
200 822
303 652
19 153
18 626
158 844
270 867
103 348
213 490
75 560
177 989
206 664
342 898
86 381
177 708
96 461
317 646
30 314
66 387
129 335
294 635
131 340
294 787
267 916
39 184
191 466
268 667
280 876
128 399
360 968
381 909
155 336
244 574
344 915
91 625
65 875
309 964
272 820
44 590
84 710
72 334
132 337
228 488
34 245
376 791
127 376
73 741
11 215
60 999
89 231
353 753
313 696
263 607
12 615
456 933
86 820
441 996
55 585
187 467
21 943
388 795
45 901
