100
551.05 62.0 100000.0
216.10693 76.22683 58.29425
5263.0 75.0 95322.0
10000.000 81.484 139.6
8.34911 47.60835 994.32678
9994.62545 1.42734 99973.98970
987.90344 26.15455 769.44427
9995.24666 1.25761 99991.20302
697.00000 2.00000 1394.00000
406.93 20.0 823.407
525.0 49.9 676.254
9991.65779 1.13549 99959.15526
704.98854 92.45375 520.35255
860.83298 8.02082 196.20893
9990.83695 1.45721 99982.99424
9990.15277 1.18684 99947.94994
9994.25074 1.07379 99940.22305
9998.61620 1.28022 99929.01750
1358.0 51.0 203.0
9996.88388 1.30972 99985.37039
9998.98663 1.22331 99981.37303
621.26119 22.12335 453.44825
9994.90184 1.33611 99907.84194
9996.31813 1.41050 99960.71622
80.792 94.0 388.972
114.50 94.1 602.799
57.00113 64.79837 811.33228
4271.0 2.0 57141.0
9992.58778 1.35046 99963.98910
106.61051 26.17902 920.43769
9992.52757 1.04799 99925.13190
699.56403 48.25084 1156.80869
9309.00000 26.00000 10019.00000
9997.87077 1.49858 99929.66212
1296.12229 60.80526 271.87903
572.16839 73.3740 495.672
279.69760 18.79600 208.75783
9990.61471 1.09226 99979.88550
8307.0 98.0 69811.0
534.5 35.32 790.25226
28.92933 34.89662 580.82677
545.05881 39.13435 129.89961
2746.0 73.0 87562.0
9993.59286 1.09580 99970.73741
9995.64531 1.01851 99916.57982
1464.0 26.0 82709.0
9996.85268 1.37158 99932.89636
9990.21737 1.15854 99916.21554
273.03672 81.71967 359.85393
9998.13426 1.30390 99900.04810
1.01405 99.37568 99999.23331
9992.16726 1.29384 99935.41227
359.86723 43.66792 787.54108
645.0 92.460 37.0
9990.07774 1.12481 99973.63763
635.63 77.3 782.13
4461.0 69.0 1515.0
9990.51948 1.43086 99908.35232
1.03207 99.41441 99999.68742
9994.99312 1.48283 99961.56130
664.34133 35.321 573.240
12.78397 23.58485 20.18094
256.70822 65.5 868.261
286.0 100.00000 845.83210
77.59 17.619 489.82
3298.0 47.0 44986.0
9990.49114 1.39525 99945.35613
9992.30868 1.36530 99967.15199
993.0 4.0 523.9737
3281.0 27.0 18187.0
8586.00000 25.00000 9297.00000
9994.63439 1.40136 99916.83700
8825.0 18.0 48511.0
9994.62037 1.20310 99926.69585
1648.0 59.0 57965.0
1097.251 50.0 769.84
1528.0 11.0 4365.0
6761.00000 98.00000 7611.00000
2614.00000 2.00000 5228.00000
9997.78134 1.22013 99951.29908
9996.04029 1.04598 99903.92397
602.29531 31.72742 524.32460
9995.15766 1.02109 99978.01226
1.00717 99.91693 99999.56754
574.96087 38.10391 146.29022
1.00041 99.32521 99999.87012
34.00000 2.00000 68.00000
8035.00000 91.00000 8142.00000
9994.20112 1.10469 99928.99080
9994.99232 1.47034 99964.30406
3800.00000 2.00000 7600.00000
9642.0 3.0 2934.0
9995.98247 1.38952 99986.00120
9995.55716 1.41881 99927.90191
1316.1 20.37 652.3
315.13617 72.92065 1027.40610
1062.34915 1.34045 530.80847
3259.0 77.0 51927.0
18.5 71.110 346.75
421.72801 12.32898 85.53077
