100
496.88306 1.32112 1942.92271
1.000 3.9049 1074.49057
1.02255 3.07619 1999.85310
336.8071 2.46414 1433.9257
411.0 4.0 304.0
334.0 4.0 1438.0
1.09257 3.92710 1999.31739
210.0 1.0 617.0
368.04636 3.29822 1427.25552
388.00000 3.00000 402.00000
422.0 1.2129 1038.669
1.13751 3.95587 2.64368
496.53851 1.05461 1963.38337
335.0 1.60121 513.0
493.76367 1.43662 1989.27344
358.20246 1.48413 1868.66571
99.41161 3.73325 764.49772
238.32 3.6 1826.0
145.8761 1.5073 2000.00000
491.27404 1.19736 1917.38749
444.62377 1.12838 1627.57522
258.86937 1.30711 1084.36308
494.40397 1.44052 1909.96117
462.73378 2.67451 1388.64597
498.56514 1.36089 1991.35743
417.0 4.0 838.0
400.47205 1.68299 977.11046
494.46855 1.42439 1945.09137
145.0 1.0 659.0
78.6 3.0 257.21
340.0 4.0 1708.35
128.0 2.26450 1.0
485.03502 3.16269 1468.99290
300.3 3.0 763.1630
229.00000 2.00000 458.00000
176.0 3.0 955.0
492.47141 1.30381 1982.22133
235.59589 1.29217 39.03587
498.23309 1.09009 1953.18525
496.68692 1.44676 1963.27712
493.72398 1.45045 1961.06309
465.07666 3.43789 189.36693
491.42566 1.05343 1967.26696
491.84804 1.19039 1952.24722
88.3 1.0 976.0
492.84306 1.40733 1997.73168
386.18356 3.72235 1557.75023
280.9159 3.2 1719.3
389.4 3.9 1666.32677
498.05165 1.10543 1978.63859
117.44037 1.72564 1649.09083
297.840 1.07 1313.391
135.97433 2.41211 302.91551
421.0 4.0 1429.0
217.00000 2.00000 434.00000
494.13735 1.20095 1942.77606
197.24671 1.20429 892.12580
425.0 4.0 1332.0
3.00000 2.00000 6.00000
493.60056 1.24040 1964.71306
47.31845 2.96092 1388.24562
498.03576 1.49102 1986.39882
148.42159 1.14195 1773.32423
490.12063 1.25126 1990.63073
310.00000 2.00000 350.00000
382.00000 2.00000 404.00000
495.18608 1.27222 1960.84863
185.88843 1.00764 1651.82653
76.29 2.1 740.6975
489.00000 3.00000 499.00000
191.00000 2.00000 382.00000
492.68890 1.10665 1980.07904
152.0 2.0 68.0
492.61169 1.18630 1940.64313
495.27155 1.06378 1959.50492
194.0 3.0 571.0
497.11412 1.46379 1910.23771
496.22681 1.01628 1947.65845
1.07267 3.16624 1999.92723
44.58059 3.90900 1596.85146
208.0 3.0 1203.0
1.03124 3.82359 1999.85382
498.74397 1.02255 1970.20260
498.18334 1.23926 1973.80761
498.27523 1.40583 1980.47611
170.75436 3.19473 1608.55401
40.63178 1.482 1997.1509
491.16970 1.08114 1981.17186
491.68504 1.07681 1921.19653
35.0 2.0 1030.0
248.3135 1.50060 352.0
500.0000 2.0 53.0
494.33506 1.07019 1966.07933
484.64220 3.78614 116.63790
493.32002 1.28014 1979.70272
495.60399 1.09550 1968.63717
313.0 1.0 764.0
493.08180 1.22288 1980.15562
496.90591 1.12865 1972.61677
310.5 3.921 1631.51
