100
956 807 248
3 1 4
687 468 147
705 750 326
1 1 4
55 48 329
1 3 2
637 315 296
249 680 88
825 902 990
633 165 155
300 511 653
512 512 2
513 513 1
2 3 5
512 512 257
1 1 1
1 2 1
838 846 932
279 568 419
446 361 182
709 343 150
121 92 135
669 95 31
513 513 257
694 811 880
139 28 21
394 560 394
670 946 445
1 1 1000
512 512 513
4 5 2
3 4 2
512 962 375
159 125 622
38 96 18
5 1 1
5 5 4
760 628 619
103 378 24
141 733 119
8 259 7
546 749 233
513 513 256
467 563 49
347 23 603
323 794 213
831 441 207
5 3 2
602 912 367
343 525 766
303 890 185
968 568 281
254 846 229
459 162 698
455 715 844
4 4 3
353 361 991
585 510 713
609 342 983
4 2 5
3 2 2
237 669 112
826 239 121
3 5 4
964 276 434
4 1 1
4 1 1
1000 1000 1
159 530 744
1 5 1
103 143 88
549 417 353
512 512 256
7 8 5
591 266 187
45 56 35
252 630 72
439 748 690
4 4 4
321 644 748
165 195 121
831 846 463
3 2 4
86 434 71
460 789 667
1 5 2
27 36 824
558 452 671
512 512 1
513 513 2
222 388 341
812 716 968
881 392 40
149 674 136
4 4 3
113 360 54
3 2 2
513 513 512
157 352 2
