100
3 5
3 6
122 483
9 742
70 848
100 1000
182 386
127 427
4 65
65 484
9 122
55 121
121 221
4 6
483 742
65 121
1 1000
122 1000
635 671
3 65
9 109
3 584
434 456
607 881
7 302
334 795
121 484
65 485
7 65
3 109
3 4
1 65
1 221
7 122
255 520
1 5
3 484
202 640
557 708
511 654
483 484
1 484
1 122
136 618
21 302
3 10
461 903
556 965
288 919
10 120
3 122
8 302
1 302
383 759
384 484
120 484
303 485
121 122
683 962
1 1
8 65
484 485
1 9
1 4
8 121
65 221
107 422
8 122
740 804
7 9
6 248
21 121
810 828
9 10
1 104
333 598
119 971
1 6
136 702
373 385
8 109
66 108
262 407
3 921
367 699
1 2
806 987
1 121
65 122
473 505
303 742
1 742
4 484
98 544
1 101
594 726
484 742
1 10
93 697
3 121
